0000000000000000000000000000000000000000000000000000000000010010
0000000000000000000000000000000100000000000001000000000000110111
0000000000000000000000000000000100000000000001000000000000110111
0000000000000000000000000000000100000000000000110000000000110111
0000000000000000000000000000000100000000000001000000000000110111
0000000000000000000000000000000100000000000001000000000000110111
0000000000000000000000000000000100000000000001000000000000110111
0000000000000000000000000000000100000000000001000000000000110111
0000000000000000000000000000001000000000000001100000000000111001
0000000000000000000000000000001000000000000010000000000000111001
0000000000000000000000000000000100000000000010000000000000111000
0000000000000000000000000000001000000000000000000000000000100110
0000000000000000000000000000001000000000000010000000000000111001
0000000000000000000000000000000100000000000010000000000000111000
0000000000000000000000000000001000000000000000000000000000100110
0000000000000000000000000000001000000000000010000000000000111001
0000000000000000000000000000000100000000000010000000000000111000
0000000000000000000000000000001000000000000000000000000001010000
0000000000000000000000000000000100000000000010000000000000111000
0000000000000000000000000000001000000000000000000000000001010000
0000000000000000000000000000001000000000000000000000000000101000
0000000000000000000000000000001000000000000010000000000000111001
0000000000000000000000000000000100000000000010000000000000111000
0000000000000000000000000000001100000000000000000000000001010000
0000000000000000000000000000001000000000000010000000000000111001
0000000000000000000000000000001000000000000010000000000000111001
0000000000000000000000000000000100000000000010000000000000111000
0000000000000000000000000000000100000000000010000000000000111000
0000000000000000000000000000001000000000000000000000000001010000
0000000000000000000000000000000100000000000000000000000000011001
0000000000000000000000000000000000000000000000000000000000010010
0000000000000000000000000000000100000000000001000000000000110111
0000000000000000000000000000000100000000000000010000000000110111
0000000000000000000000000000000100000000000001000000000000110111
0000000000000000000000000000000100000000000001000000000000110111
0000000000000000000000000000000100000000000000010000000000110111
0000000000000000000000000000000100000000000001000000000000110111
0000000000000000000000000000000100000000000000000000000000110111
0000000000000000000000000000000100000000000000000000000000110111
0000000000000000000000000000000100000000000001000000000000110111
0000000000000000000000000000001000000000000010000000000000111001
0000000000000000000000000000000100000000000010000000000000111000
0000000000000000000000000000000100000000000010000000000000111000
0000000000000000000000000000000100000000000000000000000001001001
0000000000000000000000000000000100000000000010000000000000111000
0000000000000000000000000000001000000000000000000000000000111010
0000000000000000000000000000000100000000000000000000000001001001
0000000000000000000000000000000100000000000010000000000000111000
0000000000000000000000000000000100000000000000000000000001001001
0000000000000000000000000000001000000000000000000000001000111010
0000000000000000000000000000000100000000000000000000000001001001
0000000000000000000000000000001000000000000010000000000000111001
0000000000000000000000000000001000000000000000100000000000111001
0000000000000000000000000000000100000000000010000000000000111000
0000000000000000000000000000000100000000000000000000000001001001
0000000000000000000000000000001100000000000000000000000001010000
0000000000000000000000000000001000000000000010000000000000111001
0000000000000000000000000000000100000000000010000000000000111000
0000000000000000000000000000010100000000000000000000000000011101
0000000000000000000000000000000000000000000000000000000000010010
0000000000000000000000000000000100000000000000000000000001001001
0000000000000000000000000000000100000000000000100000000000111000
0000000000000000000000000000001000000000000010000000000000111001
0000000000000000000000000000001000000000000000100000000000111001
0000000000000000000000000000000100000000000010000000000000111000
0000000000000000000000000000000100000000000000100000000000111000
0000000000000000000000000000000100000000000000000000000001001001
0000000000000000000000000000000100000000000010000000000000111000
0000000000000000000000000000001000000000000000000000001000111010
0000000000000000000000000000000100000000000010000000000000111000
0000000000000000000000000000010100000000000000000000000000011101
0000000000000000000000000000000000000000000000000000000000010010
0100000000000000000000000000000000000000000000010000000001011010
0000000000000000000000000000000100000000000000000000000001011000
0000000000000000000000000000001000000000000010000000000000111001
0000000000000000000000000000000100000000000000000000000001011000
0000000000000000000000000000001000000000000001100000000000111001
0000000000000000000000000000001000000000000000000000000001010000
0000000000000000000000000000000100000000000010000000000000111000
0000000000000000000000000000000100000000000001100000000000111000
0000000000000000000000000000001000000000000000000000000001011001
0000000000000000000000000000001000000000000000000000000001011001
0000000000000000000000000000000100000000000000000000000000011110
0000000000000000000000000000000000000000000000000000000000010010
0000000000000000000000000000001000000000000000000000000001010000
0000000000000000000000000000001100000000000000000000000001010000
0000000000000000000000000000000100000000000010000000000000111000
0000000000000000000000000000001000000000000000000000000001010000
0000000000000000000000000000000100000000000010000000000000111000
0000000000000000000000000000000100000000000000000000000000011001
